0 0.189750 0.552047 0.059575 0.137435
0 0.281569 0.526289 0.109737 0.220505
0 0.292769 0.555291 0.163488 0.365790
0 0.413925 0.578737 0.143325 0.345842
0 0.427581 0.369197 0.077488 0.133679
0 0.585019 0.511438 0.087788 0.215881
0 0.593956 0.551639 0.140587 0.408510
0 0.897244 0.557610 0.136587 0.460246
0 0.513125 0.547623 0.159000 0.502681
0 0.806300 0.408653 0.096725 0.213575
0 0.772369 0.383219 0.078263 0.239262
0 0.716712 0.411166 0.137075 0.184352
0 0.162650 0.900661 0.118250 0.198679
0 0.176756 0.837999 0.220812 0.324003
0 0.247531 0.827772 0.098987 0.181010
0 0.243719 0.894585 0.097638 0.207047
0 0.415938 0.853523 0.255750 0.292953
0 0.791244 0.659961 0.124013 0.330984
0 0.705500 0.698258 0.129000 0.315661
0 0.706400 0.508672 0.112875 0.168484
0 0.524788 0.719890 0.116925 0.284573
0 0.091881 0.725427 0.102112 0.252953
0 0.176088 0.643951 0.123625 0.187565
0 0.110025 0.536755 0.090925 0.176386
