0 0.941698 0.638736 0.108328 0.260046
0 0.810491 0.605638 0.172155 0.257690
0 0.724509 0.523483 0.124293 0.135931
0 0.663328 0.490391 0.118966 0.119379
0 0.599362 0.477098 0.073379 0.095000
0 0.557319 0.461661 0.036328 0.052724
0 0.535233 0.456678 0.052017 0.057954
0 0.518845 0.428167 0.037759 0.030402
0 0.491405 0.446937 0.028500 0.046080
0 0.474664 0.431017 0.034914 0.041805
0 0.595802 0.425080 0.042052 0.028023
0 0.384888 0.419385 0.026362 0.016632
0 0.371353 0.434109 0.030638 0.009023
0 0.342845 0.434822 0.032069 0.027552
0 0.308647 0.440287 0.052017 0.030874
0 0.246647 0.473770 0.079086 0.072207
0 0.357095 0.469500 0.066259 0.038011
0 0.305440 0.498241 0.079810 0.076483
0 0.266595 0.547402 0.039190 0.057954
0 0.195672 0.633408 0.270724 0.308816
