0 0.913100 0.117925 0.022702 0.034798
0 0.912377 0.160233 0.021257 0.044879
0 0.930361 0.147895 0.014769 0.027247
0 0.927659 0.195779 0.020896 0.063462
0 0.895296 0.154221 0.054697 0.144555
0 0.756192 0.188553 0.027500 0.054393
0 0.733150 0.156640 0.062197 0.121134
0 0.212565 0.130698 0.056951 0.133583
0 0.029176 0.128543 0.030202 0.141498
0 0.064863 0.129241 0.034090 0.132976
0 0.244639 0.366457 0.143873 0.571538
0 0.225253 0.737206 0.242760 0.524899
0 0.375036 0.508593 0.106402 0.756538
0 0.379335 0.652227 0.151503 0.433158
0 0.470116 0.631174 0.083757 0.469271
0 0.543078 0.536417 0.204104 0.682834
0 0.615556 0.671022 0.112847 0.323381
0 0.738490 0.674038 0.146142 0.407591
