0 0.747000 0.679513 0.098400 0.317736
0 0.841405 0.690615 0.134190 0.324228
0 0.920245 0.577339 0.081630 0.427661
0 0.834015 0.473088 0.089850 0.245427
0 0.797330 0.387309 0.065760 0.114918
0 0.744225 0.466522 0.074510 0.196192
0 0.711920 0.507564 0.055900 0.358726
0 0.561905 0.424243 0.075610 0.159250
0 0.644850 0.499768 0.076160 0.346402
0 0.124370 0.429468 0.078500 0.221874
0 0.208125 0.419205 0.083130 0.196072
0 0.273360 0.427939 0.095320 0.166642
0 0.354940 0.495255 0.095320 0.322594
0 0.398470 0.459955 0.068500 0.311094
0 0.477585 0.400855 0.077810 0.189625
0 0.091825 0.641214 0.112590 0.343268
0 0.199210 0.670300 0.117320 0.302129
0 0.253610 0.532706 0.069060 0.154618
0 0.310375 0.651852 0.105010 0.313478
