0 0.889358 0.458953 0.120674 0.153163
0 0.947022 0.533605 0.098250 0.359721
0 0.784976 0.422977 0.091300 0.146186
0 0.796990 0.344070 0.104639 0.147767
0 0.707287 0.335558 0.071557 0.092047
0 0.713965 0.438453 0.104109 0.104442
0 0.656035 0.361860 0.043788 0.102884
0 0.621589 0.435744 0.082761 0.089721
0 0.546573 0.442698 0.069422 0.086651
0 0.575136 0.285628 0.058202 0.212047
0 0.514807 0.342523 0.063547 0.296302
0 0.468884 0.442279 0.081685 0.090605
0 0.428571 0.311919 0.064077 0.263093
0 0.389326 0.426070 0.075281 0.121442
0 0.351950 0.396640 0.048587 0.124628
0 0.302030 0.426035 0.099310 0.113791
0 0.290554 0.296116 0.097705 0.273070
0 0.229607 0.377977 0.054687 0.086791
0 0.217873 0.438047 0.102135 0.090279
0 0.162030 0.350547 0.106437 0.094442
0 0.131356 0.485012 0.089197 0.442535
0 0.044839 0.444279 0.089679 0.529116
