0 0.459431 0.413758 0.188194 0.364217
0 0.547944 0.442860 0.084194 0.156326
0 0.604368 0.427067 0.068708 0.191253
0 0.435146 0.767996 0.338569 0.444050
0 0.354875 0.900136 0.346417 0.153173
0 0.199972 0.411263 0.058750 0.116430
0 0.255840 0.410428 0.062069 0.151336
0 0.319465 0.440365 0.096375 0.251127
0 0.084347 0.825376 0.166083 0.342610
0 0.192757 0.707307 0.137264 0.562129
0 0.046625 0.536827 0.093250 0.221211
0 0.072181 0.391305 0.132889 0.143027
0 0.108694 0.447025 0.070917 0.181273
0 0.601604 0.575908 0.191514 0.392484
0 0.653056 0.765501 0.234667 0.468998
0 0.857479 0.786294 0.285042 0.427411
0 0.815201 0.576743 0.220181 0.400793
