0 0.915239 0.223529 0.122939 0.443975
0 0.767554 0.541264 0.113350 0.378712
0 0.721377 0.215731 0.075020 0.428378
0 0.548857 0.119984 0.085469 0.239714
0 0.656899 0.131335 0.094189 0.134754
0 0.645571 0.086653 0.080244 0.138998
0 0.919043 0.570342 0.161914 0.331908
0 0.578047 0.418569 0.126426 0.499300
0 0.485259 0.193037 0.111611 0.266677
0 0.467827 0.472464 0.109873 0.451065
0 0.379395 0.444809 0.095059 0.486534
0 0.273096 0.461121 0.121191 0.391494
0 0.355869 0.159706 0.088086 0.103545
0 0.358921 0.087361 0.116846 0.160286
0 0.252188 0.199420 0.086348 0.140429
0 0.156343 0.377432 0.122939 0.485103
0 0.067515 0.486653 0.133311 0.417027
0 0.684346 0.343394 0.140371 0.513466
0 0.773696 0.183752 0.059248 0.367504
0 0.865571 0.089491 0.060205 0.175898
0 0.980903 0.310763 0.038193 0.167377
0 0.812861 0.098005 0.075020 0.187234
0 0.831592 0.369626 0.096797 0.361701
0 0.651235 0.484531 0.105518 0.458156
0 0.958252 0.319992 0.083496 0.387234
