0 0.876950 0.501173 0.246100 0.394803
0 0.499175 0.443265 0.095375 0.172570
0 0.776031 0.320328 0.151212 0.290788
0 0.136006 0.530722 0.272012 0.444447
0 0.867781 0.254719 0.051188 0.119381
0 0.700425 0.248218 0.051975 0.130019
0 0.682312 0.284278 0.048825 0.114672
0 0.304656 0.400122 0.043387 0.095741
0 0.247163 0.447402 0.111125 0.145385
0 0.392900 0.498809 0.200825 0.359343
0 0.596037 0.405432 0.123725 0.496454
0 0.837456 0.246454 0.100812 0.187955
0 0.646875 0.499991 0.242550 0.375891
0 0.034138 0.402486 0.061500 0.131201
0 0.192037 0.398940 0.024500 0.062645
