0 0.924700 0.322884 0.145987 0.236347
0 0.761493 0.265160 0.218507 0.213982
0 0.591493 0.326818 0.190400 0.198258
0 0.383867 0.352502 0.197653 0.271404
0 0.171253 0.500293 0.242080 0.239360
0 0.093107 0.439547 0.186213 0.253262
0 0.791873 0.479440 0.212173 0.313707
0 0.609627 0.465840 0.201280 0.166827
0 0.441440 0.522960 0.178613 0.261724
0 0.301813 0.748938 0.345440 0.502124
0 0.623227 0.767071 0.366293 0.465858
0 0.810600 0.803827 0.378800 0.370124
0 0.868280 0.527493 0.263440 0.195840
0 0.863620 0.195747 0.053640 0.038284
0 0.607073 0.177867 0.114920 0.042809
0 0.551913 0.163511 0.057507 0.025191
0 0.323360 0.124724 0.129280 0.041307
