0 0.277892 0.279542 0.017607 0.047282
0 0.882886 0.666659 0.221030 0.409775
0 0.804050 0.952958 0.085869 0.094084
0 0.665032 0.918776 0.178090 0.151787
0 0.245762 0.861644 0.491524 0.275901
0 0.590773 0.582432 0.180193 0.580180
0 0.469700 0.537125 0.130923 0.428483
0 0.048670 0.572042 0.097339 0.293634
0 0.144855 0.540030 0.114732 0.328108
0 0.058879 0.461727 0.117758 0.315315
0 0.265923 0.348003 0.038712 0.075856
0 0.261706 0.286389 0.038712 0.039505
0 0.250435 0.225811 0.044345 0.062162
0 0.290912 0.239159 0.016888 0.033483
0 0.304995 0.381494 0.036599 0.255120
0 0.334909 0.374054 0.037307 0.258168
0 0.398611 0.277080 0.019710 0.085691
0 0.409523 0.206164 0.030268 0.071907
0 0.306400 0.190893 0.047865 0.053198
0 0.419024 0.241126 0.022532 0.025616
0 0.918568 0.695225 0.162865 0.222613
0 0.093471 0.246494 0.035891 0.052297
0 0.043847 0.252950 0.050676 0.090616
0 0.155059 0.253934 0.059131 0.108348
0 0.185327 0.223393 0.040826 0.094565
0 0.224394 0.235713 0.040118 0.048273
0 0.371132 0.367162 0.053444 0.238468
0 0.398611 0.261809 0.016899 0.041366
0 0.434855 0.283483 0.037307 0.096547
0 0.452103 0.231276 0.023927 0.068949
0 0.469705 0.215023 0.023938 0.081757
0 0.492580 0.247035 0.020418 0.072898
0 0.475333 0.362778 0.045043 0.243303
0 0.523197 0.308604 0.036609 0.148739
0 0.521438 0.226794 0.027446 0.018814
0 0.564378 0.202215 0.049979 0.046291
0 0.571765 0.260330 0.057715 0.060090
0 0.620333 0.194827 0.035193 0.041366
0 0.625263 0.250480 0.046448 0.069940
0 0.669608 0.232755 0.047865 0.111306
0 0.699523 0.219459 0.035891 0.072883
0 0.716068 0.247530 0.066170 0.058123
0 0.671014 0.368191 0.045054 0.145781
0 0.729437 0.287868 0.045054 0.070030
0 0.769560 0.312050 0.064764 0.078814
0 0.800885 0.284422 0.054195 0.134069
0 0.738943 0.222860 0.040118 0.038514
0 0.857897 0.279542 0.049979 0.147763
0 0.825166 0.423851 0.115440 0.131006
0 0.870569 0.465713 0.020408 0.072898
0 0.928079 0.384812 0.102318 0.100075
0 0.972597 0.360300 0.045386 0.161351
0 0.233546 0.333228 0.027457 0.064024
0 0.195891 0.294812 0.046459 0.036441
0 0.197645 0.519347 0.047157 0.355691
0 0.365526 0.234722 0.038004 0.058123
0 0.114587 0.338641 0.037307 0.072898
0 0.218412 0.498664 0.112618 0.379339
0 0.146620 0.344550 0.028155 0.055165
0 0.123739 0.295743 0.054195 0.042447
0 0.083267 0.316479 0.045054 0.127072
0 0.227210 0.269197 0.042940 0.046291
